1800
-0.0413523 0.043871 0.998181 0.0413523
0.0143288 0.998959 -0.0433116 -0.0143288
-0.999042 0.0125117 -0.0419378 0.999042
0 0 0 1
0.011231 0.0443658 0.998952 0.0410655
0.0119423 0.998938 -0.0444994 -0.0142548
-0.999866 0.0124295 0.0106893 0.999055
0 0 0 1
0.063318 0.0433513 0.997051 0.0412487
0.00974016 0.998982 -0.0440538 -0.0142917
-0.997946 0.0125008 0.0628312 0.999047
0 0 0 1
0.115827 0.0449576 0.992251 0.0408206
0.0071223 0.998912 -0.0460907 -0.0142448
-0.993244 0.0124057 0.115381 0.999065
0 0 0 1
0.167468 0.0438551 0.984902 0.0409644
0.00498418 0.99896 -0.0453285 -0.0142996
-0.985865 0.0125 0.167075 0.999059
0 0 0 1
0.218899 0.0445705 0.974729 0.040838
0.00238751 0.998929 -0.0462132 -0.014267
-0.975745 0.0124432 0.218558 0.999064
0 0 0 1
0.219163 0.0457353 0.974616 0.0415904
0.00193628 0.998878 -0.0473092 0.0100421
-0.975687 0.0122555 0.218828 0.99942
0 0 0 1
0.167261 0.0438056 0.984939 0.0421662
0.00490048 0.998963 -0.0452615 0.00996462
-0.985901 0.0123972 0.166873 0.999397
0 0 0 1
0.115378 0.0435414 0.992367 0.0422709
0.00728664 0.998974 -0.0446785 0.00999192
-0.993294 0.012386 0.114943 0.999391
0 0 0 1
0.0636136 0.0444135 0.996986 0.0419598
0.00957421 0.998936 -0.0451112 0.0099492
-0.997928 0.0124151 0.0631207 0.999405
0 0 0 1
0.0111517 0.0443513 0.998954 0.0421579
0.0119664 0.998939 -0.0444842 0.00991728
-0.999866 0.0124499 0.0106091 0.999396
0 0 0 1
-0.0414181 0.0437587 0.998183 0.0424194
0.0143207 0.998964 -0.0431987 0.00988382
-0.999039 0.0125055 -0.0420019 0.999384
0 0 0 1
-0.0414907 0.0436011 0.998187 0.0434893
0.0144438 0.99897 -0.0430349 0.0339655
-0.999034 0.012632 -0.0420778 0.999727
0 0 0 1
0.0110791 0.0441874 0.998962 0.0432399
0.0120896 0.998945 -0.0443207 0.0339984
-0.999866 0.012568 0.0105332 0.999738
0 0 0 1
0.0635412 0.0442435 0.996998 0.043041
0.00969738 0.998942 -0.0449479 0.0340303
-0.997932 0.0125243 0.063045 0.999747
0 0 0 1
0.115306 0.043366 0.992383 0.0433288
0.00740978 0.998981 -0.0445153 0.0340741
-0.993302 0.0124862 0.114867 0.999733
0 0 0 1
0.16719 0.0436252 0.984959 0.0432282
0.00502366 0.99897 -0.0450985 0.0340466
-0.985912 0.0124882 0.166798 0.999739
0 0 0 1
0.219092 0.0455504 0.97464 0.0426965
0.00205961 0.998886 -0.0471465 0.0341221
-0.975702 0.0123368 0.218754 0.999759
0 0 0 1
0.219022 0.0453654 0.974665 0.0437983
0.00218293 0.998893 -0.0469837 0.0582023
-0.975718 0.0124181 0.21868 1.0001
0 0 0 1
0.167118 0.0434449 0.984979 0.0442858
0.00514683 0.998976 -0.0449354 0.0581287
-0.985924 0.0125791 0.166724 1.00008
0 0 0 1
0.115234 0.0431907 0.992399 0.0443825
0.00753291 0.998987 -0.0443521 0.0581564
-0.993309 0.0125865 0.114792 1.00008
0 0 0 1
0.0634688 0.0440736 0.997011 0.0441181
0.00982054 0.998949 -0.0447845 0.0581116
-0.997935 0.0126336 0.0629693 1.00009
0 0 0 1
0.0110065 0.0440234 0.99897 0.0443179
0.0122127 0.99895 -0.0441571 0.0580796
-0.999865 0.0126861 0.0104573 1.00008
0 0 0 1
-0.0415633 0.0434436 0.998191 0.0445553
0.0145668 0.998975 -0.0428711 0.0580472
-0.99903 0.0127585 -0.0421535 1.00007
0 0 0 1
-0.0416359 0.0432861 0.998194 0.0456176
0.0146898 0.99898 -0.0427074 0.0821291
-0.999025 0.0128851 -0.0422293 1.00042
0 0 0 1
0.010934 0.0438595 0.998978 0.0453919
0.0123358 0.998956 -0.0439935 0.082161
-0.999864 0.0128041 0.0103815 1.00043
0 0 0 1
0.0633964 0.0439037 0.997023 0.0451911
0.00994369 0.998955 -0.0446211 0.0821931
-0.997939 0.0127429 0.0628936 1.00044
0 0 0 1
0.115161 0.0430153 0.992415 0.045432
0.00765603 0.998993 -0.0441888 0.0822389
-0.993317 0.0126868 0.114716 1.00042
0 0 0 1
0.167047 0.0432645 0.985 0.0453391
0.00527 0.998983 -0.0447724 0.082211
-0.985935 0.0126701 0.166649 1.00043
0 0 0 1
0.218951 0.0451805 0.974689 0.0448956
0.00230624 0.998901 -0.0468209 0.0822827
-0.975733 0.0124994 0.218606 1.00044
0 0 0 1
0.21888 0.0449956 0.974713 0.0459884
0.00242954 0.998908 -0.0466581 0.106363
-0.975749 0.0125807 0.218532 1.00079
0 0 0 1
0.166975 0.0430841 0.98502 0.0463881
0.00539315 0.99899 -0.0446093 0.106294
-0.985946 0.0127611 0.166574 1.00078
0 0 0 1
0.115089 0.0428399 0.992431 0.0464772
0.00777913 0.999 -0.0440256 0.106321
-0.993324 0.0127872 0.114641 1.00077
0 0 0 1
0.0633239 0.0437338 0.997035 0.0462601
0.0100668 0.998961 -0.0444576 0.106275
-0.997942 0.0128522 0.0628179 1.00079
0 0 0 1
0.0108613 0.0436955 0.998986 0.046462
0.0124588 0.998962 -0.0438299 0.106243
-0.999864 0.0129222 0.0103057 1.00078
0 0 0 1
-0.0417085 0.0431285 0.998198 0.0466761
0.0148128 0.998985 -0.0425436 0.106211
-0.99902 0.0130116 -0.0423051 1.00078
0 0 0 1
-0.0417811 0.042971 0.998202 0.0477308
0.0149357 0.99899 -0.0423798 0.130293
-0.999015 0.0131382 -0.0423808 1.00113
0 0 0 1
0.0107887 0.0435316 0.998994 0.0475282
0.0125819 0.998967 -0.0436663 0.130324
-0.999863 0.0130403 0.0102298 1.00114
0 0 0 1
0.0632515 0.0435639 0.997047 0.0473249
0.0101899 0.998967 -0.0442942 0.130356
-0.997945 0.0129615 0.0627422 1.00114
0 0 0 1
0.115017 0.0426646 0.992447 0.0475183
0.00790223 0.999006 -0.0438624 0.130404
-0.993332 0.0128875 0.114566 1.00113
0 0 0 1
0.166904 0.0429037 0.98504 0.0474328
0.00551628 0.998996 -0.0444463 0.130376
-0.985958 0.0128521 0.166499 1.00113
0 0 0 1
0.21881 0.0448107 0.974738 0.0470768
0.00255283 0.998915 -0.0464952 0.130444
-0.975764 0.012662 0.218458 1.00114
0 0 0 1
0.218739 0.0446258 0.974762 0.0481607
0.00267611 0.998923 -0.0463324 0.154525
-0.97578 0.0127433 0.218384 1.00149
0 0 0 1
0.166832 0.0427234 0.98506 0.048473
0.00563941 0.999003 -0.0442832 0.154459
-0.985969 0.0129431 0.166425 1.00149
0 0 0 1
0.114945 0.0424892 0.992463 0.0485551
0.00802531 0.999012 -0.0436991 0.154487
-0.993339 0.0129878 0.11449 1.00148
0 0 0 1
0.063179 0.043394 0.997059 0.0483857
0.0103131 0.998973 -0.0441308 0.154438
-0.997949 0.0130709 0.0626665 1.0015
0 0 0 1
0.0107161 0.0433677 0.999002 0.0485904
0.012705 0.998973 -0.0435027 0.154406
-0.999862 0.0131584 0.010154 1.00149
0 0 0 1
-0.0418538 0.0428135 0.998206 0.0487818
0.0150587 0.998995 -0.042216 0.154376
-0.99901 0.0132648 -0.0424565 1.00149
0 0 0 1
-0.0419265 0.042656 0.998209 0.0498289
0.0151817 0.999001 -0.0420522 0.178458
-0.999005 0.0133914 -0.0425322 1.00185
0 0 0 1
0.0106434 0.0432037 0.99901 0.0496487
0.012828 0.998978 -0.0433391 0.178488
-0.999861 0.0132765 0.0100783 1.00185
0 0 0 1
0.0631064 0.0432241 0.997071 0.0494423
0.0104361 0.998979 -0.0439673 0.17852
-0.997952 0.0131802 0.0625909 1.00186
0 0 0 1
0.114872 0.0423139 0.992479 0.0495877
0.00814838 0.999018 -0.0435358 0.17857
-0.993346 0.0130882 0.114415 1.00184
0 0 0 1
0.16676 0.042543 0.98508 0.049509
0.00576252 0.999009 -0.0441201 0.178542
-0.985981 0.0130341 0.16635 1.00184
0 0 0 1
0.218669 0.0444409 0.974786 0.0492402
0.00279937 0.99893 -0.0461696 0.178606
-0.975795 0.0128246 0.21831 1.00184
0 0 0 1
0.218598 0.044256 0.974811 0.0503152
0.00292262 0.998937 -0.0460067 0.202687
-0.975811 0.012906 0.218236 1.00219
0 0 0 1
0.166689 0.0423627 0.985099 0.0505406
0.00588562 0.999016 -0.043957 0.202625
-0.985992 0.0131251 0.166275 1.0022
0 0 0 1
0.1148 0.0421386 0.992495 0.050616
0.00827143 0.999024 -0.0433725 0.202653
-0.993354 0.0131886 0.11434 1.0022
0 0 0 1
0.0630339 0.0430542 0.997083 0.0504949
0.0105592 0.998984 -0.0438039 0.202602
-0.997955 0.0132896 0.0625153 1.00222
0 0 0 1
0.0105707 0.0430398 0.999018 0.050703
0.0129511 0.998984 -0.0431754 0.20257
-0.99986 0.0133947 0.0100025 1.00222
0 0 0 1
-0.0419992 0.0424986 0.998213 0.0508722
0.0153046 0.999006 -0.0418883 0.20254
-0.999 0.013518 -0.0426079 1.00222
0 0 0 1
-0.0420719 0.0423411 0.998217 0.0519117
0.0154275 0.999011 -0.0417245 0.226623
-0.998995 0.0136446 -0.0426835 1.00258
0 0 0 1
0.010498 0.0428759 0.999026 0.0517533
0.0130741 0.998989 -0.0430118 0.226652
-0.99986 0.0135128 0.00992678 1.00258
0 0 0 1
0.0629613 0.0428844 0.997095 0.0515433
0.0106823 0.99899 -0.0436404 0.226685
-0.997959 0.0133989 0.0624397 1.00258
0 0 0 1
0.114728 0.0419632 0.99251 0.0516402
0.00839448 0.99903 -0.0432092 0.226737
-0.993361 0.0132889 0.114265 1.00256
0 0 0 1
0.166617 0.0421824 0.985119 0.0515678
0.00600871 0.999022 -0.0437939 0.226708
-0.986004 0.0132162 0.1662 1.00256
0 0 0 1
0.218527 0.0440712 0.974835 0.0513858
0.00304586 0.998944 -0.0458439 0.226769
-0.975826 0.0129874 0.218162 1.00255
0 0 0 1
0.218457 0.0438863 0.974859 0.0524519
0.00316909 0.998951 -0.045681 0.25085
-0.975842 0.0130687 0.218088 1.0029
0 0 0 1
0.166545 0.042002 0.985139 0.0525907
0.00613179 0.999029 -0.0436308 0.250792
-0.986015 0.0133072 0.166126 1.00292
0 0 0 1
0.114656 0.0417879 0.992526 0.0526601
0.00851751 0.999036 -0.0430459 0.25082
-0.993368 0.0133893 0.114189 1.00292
0 0 0 1
0.0628888 0.0427145 0.997106 0.0525877
0.0108054 0.998996 -0.043477 0.250767
-0.997962 0.0135083 0.0623641 1.00295
0 0 0 1
0.0104252 0.042712 0.999033 0.0527998
0.0131971 0.998995 -0.0428481 0.250734
-0.999859 0.013631 0.00985107 1.00295
0 0 0 1
-0.0421446 0.0421836 0.99822 0.0529475
0.0155504 0.999015 -0.0415606 0.250706
-0.99899 0.0137712 -0.0427591 1.00295
0 0 0 1
-0.0422174 0.0420262 0.998224 0.0539794
0.0156733 0.99902 -0.0413968 0.274789
-0.998985 0.0138978 -0.0428347 1.00333
0 0 0 1
0.0103525 0.0425481 0.999041 0.0538422
0.0133201 0.999 -0.0426844 0.274817
-0.999858 0.0137492 0.00977537 1.00332
0 0 0 1
0.0628162 0.0425446 0.997118 0.053628
0.0109284 0.999002 -0.0433135 0.27485
-0.997965 0.0136177 0.0622885 1.00332
0 0 0 1
0.114583 0.0416126 0.992542 0.0536758
0.00864053 0.999042 -0.0428826 0.274904
-0.993376 0.0134897 0.114114 1.00329
0 0 0 1
0.166473 0.0418217 0.985159 0.0536093
0.00625486 0.999035 -0.0434677 0.274875
-0.986026 0.0133983 0.166051 1.00329
0 0 0 1
0.218386 0.0437014 0.974883 0.0535135
0.00329231 0.998958 -0.0455181 0.274932
-0.975857 0.0131501 0.218014 1.00326
0 0 0 1
0.218315 0.0435165 0.974907 0.0545707
0.00341551 0.998965 -0.0453552 0.299014
-0.975873 0.0132315 0.21794 1.00362
0 0 0 1
0.166402 0.0416414 0.985179 0.0546235
0.00637791 0.999041 -0.0433045 0.298959
-0.986038 0.0134894 0.165976 1.00365
0 0 0 1
0.114511 0.0414373 0.992558 0.0546873
0.00876354 0.999048 -0.0427193 0.298988
-0.993383 0.0135902 0.114039 1.00366
0 0 0 1
0.0627435 0.0423748 0.99713 0.0546642
0.0110515 0.999008 -0.04315 0.298932
-0.997968 0.0137271 0.062213 1.00369
0 0 0 1
0.0102797 0.0423843 0.999049 0.0548807
0.0134431 0.999006 -0.0425207 0.298899
-0.999857 0.0138674 0.00969969 1.00369
0 0 0 1
-0.0422902 0.0418687 0.998227 0.0550076
0.0157962 0.999025 -0.0412329 0.298872
-0.99898 0.0140245 -0.0429103 1.0037
0 0 0 1
-0.0423629 0.0417113 0.998231 0.0560319
0.0159191 0.99903 -0.041069 0.322955
-0.998975 0.0141511 -0.0429859 1.00408
0 0 0 1
0.0102069 0.0422204 0.999057 0.0559153
0.0135661 0.999011 -0.0423571 0.322982
-0.999856 0.0139856 0.00962404 1.00407
0 0 0 1
0.0626709 0.0422049 0.997142 0.0556963
0.0111745 0.999013 -0.0429865 0.323015
-0.997971 0.0138366 0.0621374 1.00406
0 0 0 1
0.114438 0.041262 0.992573 0.0556945
0.00888654 0.999054 -0.042556 0.323072
-0.99339 0.0136906 0.113964 1.00403
0 0 0 1
0.16633 0.041461 0.985198 0.0556334
0.00650095 0.999047 -0.0431414 0.323043
-0.986049 0.0135805 0.165902 1.00402
0 0 0 1
0.218244 0.0433317 0.974931 0.0556235
0.0035387 0.998972 -0.0451923 0.323096
-0.975888 0.013313 0.217866 1.00399
0 0 0 1
0.269724 0.0447449 0.961898 0.0407202
-0.000171856 0.998922 -0.046419 -0.0141808
-0.962938 0.012355 0.269441 0.99907
0 0 0 1
0.320052 0.046327 0.946267 0.0403181
-0.00321768 0.998851 -0.0478131 -0.0141307
-0.947395 0.0122579 0.319833 0.999087
0 0 0 1
0.368914 0.0452023 0.928364 0.0405808
-0.00523822 0.998902 -0.0465553 -0.0141504
-0.929449 0.0123119 0.368745 0.999076
0 0 0 1
0.417078 0.0457793 0.907717 0.0404748
-0.00794835 0.998876 -0.0467246 -0.0141305
-0.908836 0.012273 0.416973 0.999081
0 0 0 1
0.46404 0.0460819 0.884615 0.0404375
-0.0105677 0.998863 -0.0464899 -0.0140931
-0.885751 0.0122248 0.463999 0.999082
0 0 0 1
0.509948 0.0463365 0.858956 0.0401421
-0.0131495 0.998851 -0.0460766 -0.014067
-0.860105 0.0122019 0.509972 0.999095
0 0 0 1
0.509592 0.0453284 0.859221 0.041595
-0.0126374 0.998898 -0.0452019 0.0100762
-0.860323 0.0121762 0.509604 0.999418
0 0 0 1
0.46483 0.046965 0.884153 0.0405747
-0.0111819 0.998824 -0.0471774 0.0102001
-0.885329 0.012043 0.464809 0.999457
0 0 0 1
0.417545 0.0468929 0.907445 0.0409883
-0.00862613 0.998827 -0.0476461 0.0101706
-0.908615 0.0120667 0.41746 0.999443
0 0 0 1
0.368975 0.0455811 0.928321 0.0415314
-0.00547497 0.998886 -0.0468697 0.0100651
-0.929423 0.0122113 0.368814 0.999421
0 0 0 1
0.320015 0.0465227 0.94627 0.0414034
-0.00336598 0.998843 -0.0479692 0.0100881
-0.947406 0.0121657 0.319801 0.999427
0 0 0 1
0.27002 0.046097 0.961751 0.0414361
-0.000665072 0.998862 -0.0476889 0.0100425
-0.962855 0.0122373 0.269743 0.999427
0 0 0 1
0.26995 0.0459081 0.961779 0.0425487
-0.00054171 0.99887 -0.0475264 0.0341222
-0.962874 0.0123087 0.26967 0.999766
0 0 0 1
0.319947 0.0463303 0.946302 0.0425239
-0.00324259 0.998851 -0.0478068 0.0341675
-0.94743 0.0122271 0.319729 0.999765
0 0 0 1
0.368908 0.0453857 0.928357 0.042627
-0.00535167 0.998895 -0.0467075 0.0341456
-0.929451 0.0122626 0.368743 0.99976
0 0 0 1
0.41748 0.0466952 0.907485 0.0421131
-0.00850278 0.998836 -0.0474841 0.0342499
-0.908646 0.0121076 0.417391 0.999778
0 0 0 1
0.464766 0.0467654 0.884197 0.0416989
-0.0110586 0.998833 -0.0470156 0.0342794
-0.885364 0.0120734 0.464742 0.999791
0 0 0 1
0.509531 0.0451274 0.859268 0.0426776
-0.0125142 0.998907 -0.0450402 0.0341574
-0.860362 0.0121963 0.509539 0.999755
0 0 0 1
0.509469 0.0449265 0.859315 0.0437553
-0.0123911 0.998916 -0.0448786 0.0582388
-0.8604 0.0122164 0.509474 1.00009
0 0 0 1
0.464703 0.0465657 0.884241 0.0428184
-0.0109352 0.998842 -0.0468539 0.0583589
-0.885398 0.0121038 0.464675 1.00013
0 0 0 1
0.417415 0.0464975 0.907525 0.0432332
-0.00837944 0.998844 -0.0473222 0.0583293
-0.908677 0.0121485 0.417322 1.00011
0 0 0 1
0.368841 0.0451904 0.928393 0.0437178
-0.00522838 0.998903 -0.0465453 0.0582264
-0.929478 0.0123139 0.368673 1.0001
0 0 0 1
0.319878 0.0461379 0.946334 0.0436398
-0.00311922 0.99886 -0.0476444 0.0582471
-0.947453 0.0122886 0.319657 1.0001
0 0 0 1
0.269881 0.0457191 0.961808 0.0436568
-0.00041836 0.998877 -0.0473638 0.0582022
-0.962894 0.0123802 0.269597 1.00011
0 0 0 1
0.269811 0.0455302 0.961836 0.0447603
-0.000295021 0.998885 -0.0472012 0.0822823
-0.962913 0.0124517 0.269524 1.00045
0 0 0 1
0.31981 0.0459456 0.946367 0.0447511
-0.00299587 0.998868 -0.0474821 0.0823269
-0.947477 0.0123501 0.319586 1.00044
0 0 0 1
0.368774 0.0449951 0.92843 0.0448039
-0.0051051 0.998911 -0.0463831 0.0823073
-0.929505 0.0123652 0.368602 1.00044
0 0 0 1
0.417349 0.0462997 0.907566 0.0443485
-0.0082561 0.998853 -0.0471602 0.082409
-0.908708 0.0121894 0.417254 1.00045
0 0 0 1
0.46464 0.0463661 0.884284 0.043933
-0.010812 0.998851 -0.0466921 0.0824386
-0.885433 0.0121342 0.464608 1.00046
0 0 0 1
0.509408 0.0447256 0.859362 0.0448282
-0.0122679 0.998924 -0.0447169 0.0823204
-0.860438 0.0122365 0.509409 1.00043
0 0 0 1
0.509346 0.0445247 0.859409 0.0458963
-0.0121448 0.998933 -0.0445552 0.106402
-0.860476 0.0122567 0.509344 1.00077
0 0 0 1
0.464576 0.0461665 0.884328 0.0450428
-0.0106887 0.99886 -0.0465303 0.106519
-0.885468 0.0121646 0.464541 1.0008
0 0 0 1
0.417284 0.046102 0.907606 0.045459
-0.00813278 0.998862 -0.0469982 0.106489
-0.908739 0.0122303 0.417185 1.00079
0 0 0 1
0.368707 0.0447998 0.928466 0.0458853
-0.00498183 0.998919 -0.0462208 0.106388
-0.929532 0.0124166 0.368532 1.00078
0 0 0 1
0.319742 0.0457532 0.946399 0.0458577
-0.00287252 0.998876 -0.0473197 0.106407
-0.9475 0.0124115 0.319514 1.00079
0 0 0 1
0.269742 0.0453413 0.961864 0.0458592
-0.000171694 0.998893 -0.0470386 0.106363
-0.962933 0.0125231 0.269451 1.00079
0 0 0 1
0.269672 0.0451524 0.961893 0.0469536
-4.83791e-05 0.998901 -0.046876 0.130443
-0.962952 0.0125946 0.269378 1.00114
0 0 0 1
0.319674 0.0455608 0.946432 0.0469597
-0.00274918 0.998884 -0.0471573 0.130487
-0.947524 0.012473 0.319442 1.00113
0 0 0 1
0.36864 0.0446044 0.928502 0.046962
-0.00485858 0.998927 -0.0460586 0.13047
-0.92956 0.0124679 0.368461 1.00113
0 0 0 1
0.417219 0.0459042 0.907646 0.0465648
-0.00800948 0.99887 -0.0468362 0.130569
-0.90877 0.0122712 0.417116 1.00113
0 0 0 1
0.464513 0.0459669 0.884372 0.0461478
-0.0105654 0.998869 -0.0463685 0.130599
-0.885503 0.0121951 0.464474 1.00113
0 0 0 1
0.509284 0.0443237 0.859456 0.0469595
-0.0120217 0.998942 -0.0443935 0.130484
-0.860514 0.0122768 0.509279 1.00111
0 0 0 1
0.509223 0.0441228 0.859503 0.0480178
-0.0118986 0.99895 -0.0442318 0.154566
-0.860553 0.012297 0.509214 1.00145
0 0 0 1
0.46445 0.0457673 0.884415 0.047248
-0.0104421 0.998877 -0.0462067 0.154679
-0.885537 0.0122255 0.464407 1.00147
0 0 0 1
0.417154 0.0457065 0.907686 0.0476658
-0.00788618 0.998879 -0.0466742 0.154649
-0.908801 0.0123122 0.417047 1.00147
0 0 0 1
0.368573 0.0444091 0.928538 0.048034
-0.00473533 0.998935 -0.0458964 0.154551
-0.929587 0.0125193 0.368391 1.00147
0 0 0 1
0.319605 0.0453684 0.946464 0.0480571
-0.00262586 0.998892 -0.0469949 0.154567
-0.947547 0.0125345 0.31937 1.00147
0 0 0 1
0.269603 0.0449635 0.961921 0.0480435
7.49242e-05 0.998908 -0.0467134 0.154524
-0.962972 0.0126661 0.269305 1.00149
0 0 0 1
0.269533 0.0447746 0.96195 0.0491287
0.000198216 0.998916 -0.0465507 0.178605
-0.962991 0.0127376 0.269232 1.00184
0 0 0 1
0.319537 0.0451761 0.946496 0.0491498
-0.00250255 0.9989 -0.0468324 0.178648
-0.94757 0.012596 0.319298 1.00182
0 0 0 1
0.368506 0.0442138 0.928574 0.0491013
-0.0046121 0.998943 -0.0457341 0.178633
-0.929614 0.0125707 0.368321 1.00182
0 0 0 1
0.417089 0.0455087 0.907726 0.048762
-0.00776289 0.998887 -0.0465122 0.17873
-0.908832 0.0123532 0.416978 1.00181
0 0 0 1
0.464386 0.0455676 0.884459 0.0483434
-0.0103189 0.998886 -0.0460449 0.17876
-0.885572 0.012256 0.46434 1.00181
0 0 0 1
0.509161 0.0439219 0.85955 0.0490714
-0.0117754 0.998959 -0.0440701 0.178649
-0.860591 0.0123172 0.509148 1.00179
0 0 0 1
0.509099 0.043721 0.859597 0.0501201
-0.0116524 0.998968 -0.0439084 0.202731
-0.860629 0.0123374 0.509083 1.00213
0 0 0 1
0.464323 0.045368 0.884503 0.049434
-0.0101957 0.998895 -0.0458831 0.20284
-0.885607 0.0122865 0.464273 1.00215
0 0 0 1
0.417023 0.045311 0.907765 0.0498535
-0.00763962 0.998896 -0.0463502 0.20281
-0.908863 0.0123942 0.416909 1.00215
0 0 0 1
0.368439 0.0440185 0.928609 0.0501639
-0.00448888 0.998951 -0.0455718 0.202715
-0.929641 0.0126221 0.36825 1.00216
0 0 0 1
0.319469 0.0449837 0.946528 0.0502379
-0.00237925 0.998908 -0.04667 0.202729
-0.947594 0.0126576 0.319227 1.00217
0 0 0 1
0.269463 0.0445857 0.961978 0.0502095
0.000321496 0.998923 -0.0463881 0.202686
-0.963011 0.0128092 0.269159 1.00219
0 0 0 1
0.269394 0.0443969 0.962006 0.0512857
0.000444764 0.998931 -0.0462254 0.226767
-0.96303 0.0128807 0.269086 1.00254
0 0 0 1
0.3194 0.0447913 0.946561 0.0513214
-0.00225596 0.998915 -0.0465076 0.22681
-0.947617 0.0127191 0.319155 1.00252
0 0 0 1
0.368372 0.0438232 0.928645 0.0512218
-0.00436568 0.998959 -0.0454095 0.226797
-0.929668 0.0126735 0.36818 1.00251
0 0 0 1
0.416958 0.0451132 0.907805 0.0509402
-0.00751636 0.998904 -0.0461882 0.226891
-0.908894 0.0124352 0.416841 1.00249
0 0 0 1
0.464259 0.0451684 0.884546 0.0505198
-0.0100724 0.998904 -0.0457213 0.226921
-0.885641 0.012317 0.464206 1.00249
0 0 0 1
0.509038 0.04352 0.859643 0.0511639
-0.0115293 0.998976 -0.0437467 0.226814
-0.860667 0.0123576 0.509018 1.00247
0 0 0 1
0.508976 0.0433191 0.85969 0.0522029
-0.0114062 0.998985 -0.0435849 0.250897
-0.860705 0.0123779 0.508953 1.00281
0 0 0 1
0.464196 0.0449688 0.88459 0.0516008
-0.00994921 0.998912 -0.0455594 0.251003
-0.885676 0.0123475 0.464139 1.00283
0 0 0 1
0.416893 0.0449155 0.907845 0.0520221
-0.00739311 0.998913 -0.0460261 0.250972
-0.908925 0.0124762 0.416772 1.00284
0 0 0 1
0.368305 0.0436279 0.928681 0.052275
-0.00424248 0.998967 -0.0452472 0.250879
-0.929696 0.0127249 0.368109 1.00286
0 0 0 1
0.319332 0.044599 0.946593 0.0524002
-0.00213269 0.998923 -0.0463451 0.250891
-0.94764 0.0127807 0.319083 1.00287
0 0 0 1
0.269324 0.044208 0.962034 0.0523573
0.00056802 0.998938 -0.0460628 0.250848
-0.963049 0.0129523 0.269013 1.0029
0 0 0 1
0.269254 0.0440191 0.962062 0.0534244
0.000691264 0.998946 -0.0459001 0.27493
-0.963069 0.0130238 0.26894 1.00325
0 0 0 1
0.319263 0.0444066 0.946625 0.0534744
-0.00200942 0.998931 -0.0461826 0.274972
-0.947664 0.0128423 0.319011 1.00322
0 0 0 1
0.368238 0.0434326 0.928717 0.0533234
-0.0041193 0.998975 -0.0450849 0.274962
-0.929723 0.0127764 0.368039 1.00321
0 0 0 1
0.416827 0.0447178 0.907885 0.0530993
-0.00726987 0.998921 -0.0458641 0.275054
-0.908956 0.0125172 0.416703 1.00318
0 0 0 1
0.464132 0.0447692 0.884633 0.0526769
-0.00982601 0.998921 -0.0453976 0.275084
-0.885711 0.0123781 0.464072 1.00317
0 0 0 1
0.508914 0.0431182 0.859737 0.0532371
-0.0112832 0.998993 -0.0434232 0.27498
-0.860744 0.0123981 0.508888 1.00315
0 0 0 1
0.508852 0.0429172 0.859784 0.0542664
-0.0111601 0.999001 -0.0432614 0.299064
-0.860782 0.0124184 0.508823 1.00349
0 0 0 1
0.464068 0.0445695 0.884677 0.0537483
-0.00970282 0.998929 -0.0452357 0.299165
-0.885746 0.0124086 0.464005 1.00351
0 0 0 1
0.416762 0.04452 0.907925 0.0541717
-0.00714664 0.998929 -0.045702 0.299135
-0.908987 0.0125583 0.416634 1.00353
0 0 0 1
0.368171 0.0432373 0.928753 0.0543672
-0.00399612 0.998983 -0.0449226 0.299044
-0.92975 0.0128278 0.367969 1.00357
0 0 0 1
0.319195 0.0442143 0.946657 0.054544
-0.00188617 0.998939 -0.0460202 0.299054
-0.947687 0.0129038 0.318939 1.00358
0 0 0 1
0.269185 0.0438302 0.962091 0.0544869
0.000814497 0.998953 -0.0457374 0.299012
-0.963088 0.0130954 0.268867 1.00361
0 0 0 1
0.269115 0.0436413 0.962119 0.0555449
0.000937718 0.99896 -0.0455747 0.323093
-0.963108 0.013167 0.268794 1.00397
0 0 0 1
0.319126 0.0440219 0.946689 0.0556089
-0.00176293 0.998947 -0.0458577 0.323135
-0.94771 0.0129654 0.318868 1.00393
0 0 0 1
0.368103 0.0430419 0.928788 0.0554063
-0.00387296 0.998991 -0.0447603 0.323127
-0.929777 0.0128793 0.367898 1.00392
0 0 0 1
0.416696 0.0443223 0.907964 0.0552394
-0.00702343 0.998938 -0.0455399 0.323217
-0.909018 0.0125993 0.416565 1.00387
0 0 0 1
0.464005 0.0443699 0.88472 0.0548148
-0.00957964 0.998938 -0.0450738 0.323247
-0.88578 0.0124392 0.463938 1.00386
0 0 0 1
0.50879 0.0427163 0.85983 0.0552909
-0.0110371 0.99901 -0.0430997 0.323147
-0.86082 0.0124387 0.508758 1.00383
0 0 0 1
0.553964 0.0459836 0.83127 0.0404416
-0.0152774 0.998867 -0.0450737 -0.014134
-0.8324 0.0122696 0.554039 0.999082
0 0 0 1
0.597056 0.0473543 0.800801 0.03996
-0.0186674 0.998806 -0.0451451 -0.0139034
-0.801982 0.0120053 0.597227 0.999104
0 0 0 1
0.637829 0.0459811 0.768804 0.0404315
-0.0198993 0.998867 -0.0432317 -0.0141396
-0.769921 0.0122758 0.638021 0.999083
0 0 0 1
0.677707 0.0476083 0.733789 0.0396563
-0.0235692 0.998796 -0.0430342 -0.0137638
-0.734954 0.0118697 0.678013 0.999119
0 0 0 1
0.714909 0.045972 0.697705 0.0401284
-0.0243913 0.998869 -0.0408231 -0.0140165
-0.698792 0.0121668 0.715221 0.999097
0 0 0 1
0.750471 0.0471693 0.659218 0.0400222
-0.0275172 0.998815 -0.0401424 -0.0138794
-0.66033 0.0119859 0.75088 0.999102
0 0 0 1
0.751229 0.0497528 0.658165 0.0398279
-0.0300518 0.998699 -0.0411938 0.0109283
-0.659357 0.0111669 0.751746 0.999474
0 0 0 1
0.71545 0.0485295 0.696978 0.0402999
-0.0267525 0.998756 -0.0420804 0.0106701
-0.698152 0.0114606 0.715857 0.99946
0 0 0 1
0.677674 0.047715 0.733814 0.0407547
-0.0237331 0.998792 -0.0430274 0.0104091
-0.73498 0.0117428 0.677987 0.999446
0 0 0 1
0.637903 0.0461724 0.768731 0.0413503
-0.0201505 0.99886 -0.0432736 0.0100832
-0.769853 0.012114 0.638106 0.999425
0 0 0 1
0.59675 0.0459552 0.80111 0.0414126
-0.0177039 0.998869 -0.0441118 0.0100728
-0.802232 0.0121409 0.596889 0.999423
0 0 0 1
0.554376 0.0466733 0.830957 0.040965
-0.0159751 0.998839 -0.0454451 0.0102966
-0.832113 0.0119191 0.554478 0.999441
0 0 0 1
0.554317 0.0464716 0.831008 0.0420777
-0.0158519 0.998849 -0.0452838 0.0343765
-0.832155 0.0119285 0.554415 0.999771
0 0 0 1
0.596693 0.0457533 0.801164 0.0425058
-0.0175808 0.998879 -0.0439505 0.0341535
-0.802277 0.0121398 0.596829 0.999757
0 0 0 1
0.637848 0.0459709 0.768788 0.0424465
-0.0200275 0.99887 -0.0431125 0.0341638
-0.769902 0.0121024 0.638048 0.999758
0 0 0 1
0.677622 0.0475143 0.733874 0.041886
-0.0236101 0.998802 -0.0428666 0.0344882
-0.735032 0.0117204 0.677931 0.999769
0 0 0 1
0.715401 0.0483304 0.697041 0.0414488
-0.0266296 0.998766 -0.0419199 0.0347485
-0.698207 0.0114277 0.715805 0.999775
0 0 0 1
0.751183 0.0495556 0.658231 0.0410043
-0.0299289 0.99871 -0.0410335 0.0350055
-0.659415 0.0111235 0.751697 0.999781
0 0 0 1
0.751138 0.0493585 0.658298 0.0421759
-0.0298061 0.99872 -0.0408732 0.0590829
-0.659472 0.0110801 0.751647 1.00009
0 0 0 1
0.715352 0.0481312 0.697105 0.0425929
-0.0265067 0.998776 -0.0417593 0.0588271
-0.698261 0.0113948 0.715752 1.00009
0 0 0 1
0.677571 0.0473137 0.733935 0.0430125
-0.0234871 0.998811 -0.0427058 0.0585675
-0.735083 0.0116981 0.677876 1.00009
0 0 0 1
0.637794 0.0457693 0.768846 0.043538
-0.0199044 0.998879 -0.0429514 0.0582446
-0.76995 0.0120907 0.63799 1.00009
0 0 0 1
0.596636 0.0455514 0.801218 0.0435942
-0.0174577 0.998888 -0.0437893 0.0582344
-0.802322 0.0121388 0.596768 1.00009
0 0 0 1
0.554257 0.0462699 0.831058 0.0431856
-0.0157287 0.998858 -0.0451224 0.0584566
-0.832196 0.0119379 0.554352 1.0001
0 0 0 1
0.554198 0.0460682 0.831109 0.0442886
-0.0156056 0.998867 -0.044961 0.0825369
-0.832238 0.0119474 0.554289 1.00043
0 0 0 1
0.596579 0.0453495 0.801272 0.0446777
-0.0173347 0.998897 -0.043628 0.0823155
-0.802367 0.0121378 0.596708 1.00043
0 0 0 1
0.637739 0.0455677 0.768903 0.0446246
-0.0197815 0.998889 -0.0427904 0.0823257
-0.769998 0.0120791 0.637932 1.00042
0 0 0 1
0.677519 0.047113 0.733995 0.0441342
-0.0233642 0.998821 -0.042545 0.0826471
-0.735135 0.0116758 0.67782 1.00041
0 0 0 1
0.715304 0.047932 0.697168 0.0437322
-0.0263838 0.998786 -0.0415988 0.082906
-0.698316 0.0113619 0.7157 1.0004
0 0 0 1
0.751093 0.0491613 0.658364 0.0433427
-0.0296833 0.99873 -0.040713 0.0831605
-0.659529 0.0110367 0.751598 1.00039
0 0 0 1
0.751047 0.0489642 0.658431 0.0445048
-0.0295605 0.99874 -0.0405527 0.107238
-0.659586 0.0109934 0.751548 1.0007
0 0 0 1
0.715255 0.0477328 0.697232 0.0448666
-0.0262609 0.998796 -0.0414382 0.106985
-0.69837 0.011329 0.715647 1.00072
0 0 0 1
0.677467 0.0469124 0.734056 0.045251
-0.0232412 0.998831 -0.0423842 0.106727
-0.735186 0.0116535 0.677765 1.00074
0 0 0 1
0.637685 0.0453662 0.76896 0.0457063
-0.0196585 0.998898 -0.0426293 0.106407
-0.770046 0.0120675 0.637874 1.00076
0 0 0 1
0.596522 0.0451476 0.801326 0.0457563
-0.0172116 0.998906 -0.0434667 0.106397
-0.802412 0.0121367 0.596647 1.00076
0 0 0 1
0.554139 0.0458665 0.83116 0.0453867
-0.0154824 0.998876 -0.0447996 0.106617
-0.83228 0.0119568 0.554226 1.00076
0 0 0 1
0.55408 0.0456649 0.83121 0.04648
-0.0153593 0.998885 -0.0446382 0.130698
-0.832322 0.0119663 0.554164 1.00109
0 0 0 1
0.596465 0.0449456 0.801379 0.0468301
-0.0170886 0.998915 -0.0433054 0.130478
-0.802457 0.0121357 0.596587 1.00109
0 0 0 1
0.63763 0.0451646 0.769017 0.0467832
-0.0195355 0.998907 -0.0424682 0.130488
-0.770095 0.0120559 0.637816 1.00109
0 0 0 1
0.677416 0.0467117 0.734116 0.046363
-0.0231183 0.998841 -0.0422234 0.130807
-0.735238 0.0116313 0.67771 1.00106
0 0 0 1
0.715207 0.0475336 0.697296 0.0459963
-0.026138 0.998806 -0.0412777 0.131064
-0.698425 0.0112962 0.715595 1.00103
0 0 0 1
0.751002 0.048767 0.658497 0.0456622
-0.0294377 0.99875 -0.0403924 0.131317
-0.659644 0.0109501 0.751498 1.001
0 0 0 1
0.750956 0.0485698 0.658564 0.0468148
-0.0293149 0.99876 -0.0402321 0.155395
-0.659701 0.0109067 0.751449 1.0013
0 0 0 1
0.715158 0.0473344 0.697359 0.0471212
-0.0260152 0.998816 -0.0411171 0.155144
-0.698479 0.0112634 0.715542 1.00134
0 0 0 1
0.677364 0.046511 0.734176 0.0474702
-0.0229953 0.99885 -0.0420626 0.154887
-0.735289 0.011609 0.677654 1.00138
0 0 0 1
0.637576 0.044963 0.769074 0.0478552
-0.0194125 0.998916 -0.0423071 0.15457
-0.770143 0.0120443 0.637758 1.00142
0 0 0 1
0.596408 0.0447437 0.801433 0.047899
-0.0169656 0.998924 -0.0431441 0.15456
-0.802502 0.0121347 0.596526 1.00143
0 0 0 1
0.55402 0.0454632 0.831261 0.0475685
-0.0152362 0.998894 -0.0444767 0.154779
-0.832363 0.0119758 0.554101 1.00142
0 0 0 1
0.553961 0.0452615 0.831312 0.048652
-0.0151131 0.998904 -0.0443153 0.17886
-0.832405 0.0119853 0.554038 1.00175
0 0 0 1
0.596351 0.0445418 0.801487 0.048963
-0.0168426 0.998933 -0.0429828 0.178642
-0.802547 0.0121337 0.596466 1.00176
0 0 0 1
0.637521 0.0447614 0.769131 0.0489223
-0.0192896 0.998926 -0.042146 0.178652
-0.770191 0.0120327 0.6377 1.00175
0 0 0 1
0.677313 0.0463104 0.734237 0.0485725
-0.0228724 0.99886 -0.0419018 0.178968
-0.73534 0.0115868 0.677599 1.0017
0 0 0 1
0.715109 0.0471352 0.697422 0.0482413
-0.0258923 0.998825 -0.0409565 0.179224
-0.698533 0.0112306 0.715489 1.00165
0 0 0 1
0.750911 0.0483727 0.65863 0.0479626
-0.0291921 0.99877 -0.0400717 0.179474
-0.659758 0.0108634 0.751399 1.0016
0 0 0 1
0.750865 0.0481755 0.658697 0.0491057
-0.0290694 0.99878 -0.0399114 0.203552
-0.659815 0.0108201 0.75135 1.0019
0 0 0 1
0.715061 0.046936 0.697486 0.0493566
-0.0257695 0.998835 -0.0407959 0.203304
-0.698588 0.0111978 0.715437 1.00196
0 0 0 1
0.677261 0.0461097 0.734297 0.04967
-0.0227495 0.998869 -0.0417409 0.203048
-0.735392 0.0115646 0.677543 1.00202
0 0 0 1
0.637467 0.0445598 0.769188 0.0499846
-0.0191666 0.998935 -0.0419848 0.202734
-0.770239 0.0120212 0.637642 1.00208
0 0 0 1
0.596294 0.0443399 0.801541 0.0500222
-0.0167196 0.998942 -0.0428215 0.202725
-0.802592 0.0121328 0.596405 1.0021
0 0 0 1
0.553902 0.0450598 0.831362 0.0497307
-0.0149899 0.998913 -0.0441538 0.202942
-0.832447 0.0119948 0.553975 1.00209
0 0 0 1
0.553842 0.0448581 0.831413 0.0508046
-0.0148669 0.998921 -0.0439924 0.227023
-0.832489 0.0120044 0.553912 1.00242
0 0 0 1
0.596237 0.044138 0.801594 0.0510765
-0.0165966 0.998951 -0.0426602 0.226807
-0.802637 0.0121318 0.596344 1.00243
0 0 0 1
0.637412 0.0443583 0.769245 0.0510421
-0.0190437 0.998944 -0.0418237 0.226817
-0.770288 0.0120097 0.637584 1.00241
0 0 0 1
0.677209 0.045909 0.734357 0.0507627
-0.0226266 0.998879 -0.0415801 0.227129
-0.735443 0.0115423 0.677488 1.00233
0 0 0 1
0.715012 0.0467368 0.697549 0.0504671
-0.0256467 0.998845 -0.0406353 0.227384
-0.698642 0.011165 0.715384 1.00227
0 0 0 1
0.750819 0.0479783 0.658763 0.050244
-0.0289466 0.99879 -0.0397511 0.227632
-0.659873 0.0107769 0.7513 1.0022
0 0 0 1
0.750774 0.0477811 0.658829 0.0513776
-0.0288239 0.9988 -0.0395907 0.251711
-0.65993 0.0107336 0.75125 1.0025
0 0 0 1
0.714963 0.0465376 0.697612 0.0515728
-0.0255239 0.998855 -0.0404747 0.251465
-0.698697 0.0111322 0.715332 1.00258
0 0 0 1
0.677157 0.0457083 0.734418 0.0518505
-0.0225037 0.998888 -0.0414192 0.25121
-0.735495 0.0115202 0.677433 1.00265
0 0 0 1
0.637357 0.0441567 0.769302 0.0520947
-0.0189208 0.998953 -0.0416625 0.250899
-0.770336 0.0119981 0.637525 1.00274
0 0 0 1
0.596179 0.043936 0.801648 0.052126
-0.0164736 0.99896 -0.0424988 0.25089
-0.802682 0.0121309 0.596284 1.00277
0 0 0 1
0.553783 0.0446564 0.831463 0.0518736
-0.0147438 0.99893 -0.0438309 0.251105
-0.83253 0.0120139 0.553849 1.00275
0 0 0 1
0.553723 0.0444547 0.831513 0.0529377
-0.0146207 0.998939 -0.0436694 0.275187
-0.832572 0.0120235 0.553786 1.00308
0 0 0 1
0.596122 0.0437341 0.801702 0.0531705
-0.0163506 0.998969 -0.0423375 0.274972
-0.802728 0.01213 0.596223 1.0031
0 0 0 1
0.637303 0.0439551 0.769359 0.0531424
-0.0187979 0.998962 -0.0415014 0.274982
-0.770384 0.0119866 0.637467 1.00307
0 0 0 1
0.677106 0.0455077 0.734478 0.0529335
-0.0223808 0.998898 -0.0412584 0.275292
-0.735546 0.011498 0.677377 1.00297
0 0 0 1
0.714914 0.0463384 0.697676 0.0526737
-0.0254011 0.998864 -0.0403141 0.275545
-0.698751 0.0110995 0.715279 1.00288
0 0 0 1
0.750728 0.0475839 0.658896 0.0525065
-0.0287012 0.99881 -0.0394304 0.27579
-0.659987 0.0106904 0.7512 1.00279
0 0 0 1
0.750683 0.0473867 0.658962 0.0536306
-0.0285785 0.99882 -0.03927 0.29987
-0.660044 0.0106471 0.751151 1.00309
0 0 0 1
0.714865 0.0461392 0.697739 0.0537698
-0.0252783 0.998874 -0.0401534 0.299626
-0.698805 0.0110667 0.715226 1.00319
0 0 0 1
0.677054 0.045307 0.734538 0.0540116
-0.022258 0.998907 -0.0410975 0.299374
-0.735598 0.0114758 0.677322 1.00329
0 0 0 1
0.637248 0.0437535 0.769415 0.0541853
-0.018675 0.998971 -0.0413402 0.299065
-0.770432 0.0119751 0.637409 1.0034
0 0 0 1
0.596065 0.0435322 0.801755 0.0542103
-0.0162276 0.998978 -0.0421761 0.299056
-0.802773 0.0121291 0.596163 1.00344
0 0 0 1
0.553664 0.044253 0.831564 0.053997
-0.0144976 0.998948 -0.0435079 0.29927
-0.832614 0.0120331 0.553723 1.00341
0 0 0 1
0.553604 0.0440513 0.831614 0.0550514
-0.0143746 0.998957 -0.0433464 0.323352
-0.832655 0.0120427 0.55366 1.00375
0 0 0 1
0.596008 0.0433303 0.801809 0.0552451
-0.0161047 0.998987 -0.0420147 0.323139
-0.802818 0.0121282 0.596102 1.00377
0 0 0 1
0.637193 0.0435519 0.769472 0.0552233
-0.0185521 0.99898 -0.041179 0.323148
-0.770481 0.0119637 0.637351 1.00373
0 0 0 1
0.677002 0.0451063 0.734598 0.055085
-0.0221351 0.998916 -0.0409366 0.323455
-0.735649 0.0114537 0.677266 1.00361
0 0 0 1
0.714816 0.0459399 0.697802 0.0548611
-0.0251555 0.998883 -0.0399928 0.323707
-0.69886 0.011034 0.715174 1.0035
0 0 0 1
0.750637 0.0471895 0.659028 0.0547499
-0.0284558 0.99883 -0.0391096 0.32395
-0.660102 0.0106039 0.751101 1.00338
0 0 0 1
0.783615 0.0455751 0.619573 0.0406475
-0.0280764 0.998884 -0.0379668 -0.0142129
-0.620612 0.012356 0.784021 0.999072
0 0 0 1
0.815165 0.0464175 0.577366 0.0402496
-0.0308329 0.998848 -0.0367706 -0.0140457
-0.578408 0.0121722 0.815657 0.999091
0 0 0 1
0.844387 0.0462549 0.533733 0.0400329
-0.0325692 0.998855 -0.035038 -0.0140592
-0.534743 0.0122024 0.844927 0.999099
0 0 0 1
0.871069 0.0461009 0.488993 0.0402396
-0.0341904 0.998862 -0.0332647 -0.014117
-0.48997 0.012257 0.871653 0.999091
0 0 0 1
0.895519 0.0461557 0.442624 0.0401161
-0.0359324 0.998859 -0.03146 -0.0141251
-0.443571 0.0122685 0.896155 0.999095
0 0 0 1
0.917456 0.0459663 0.395172 0.0401382
-0.0373661 0.998868 -0.0294364 -0.0140904
-0.396078 0.0122406 0.918135 0.999094
0 0 0 1
0.91735 0.0458936 0.395428 0.0414097
-0.0373698 0.998873 -0.0292363 0.0100739
-0.396325 0.0120429 0.918031 0.999409
0 0 0 1
0.895442 0.0459096 0.442803 0.0413078
-0.0358081 0.998873 -0.0311509 0.0100919
-0.443734 0.0120379 0.896077 0.999415
0 0 0 1
0.871134 0.0459199 0.488892 0.0411194
-0.0341194 0.998871 -0.0330246 0.010059
-0.489857 0.0120882 0.871719 0.999426
0 0 0 1
0.844207 0.0461113 0.53403 0.0413856
-0.0325198 0.998864 -0.0348398 0.0100914
-0.535029 0.0120455 0.844747 0.999416
0 0 0 1
0.815167 0.0461947 0.577382 0.041272
-0.0307172 0.99886 -0.0365484 0.0100908
-0.578412 0.0120575 0.815656 0.999422
0 0 0 1
0.784552 0.0493037 0.6181 0.039993
-0.0317436 0.99872 -0.0393726 0.0108254
-0.61925 0.0112692 0.785113 0.999468
0 0 0 1
0.784509 0.0491091 0.618169 0.0411566
-0.0316209 0.99873 -0.0392125 0.0349032
-0.61931 0.0112155 0.785066 0.999776
0 0 0 1
0.815127 0.046003 0.577453 0.0423588
-0.0305947 0.998869 -0.0363882 0.0341719
-0.578474 0.011994 0.815613 0.999748
0 0 0 1
0.844171 0.0459233 0.534104 0.0424686
-0.0323975 0.998873 -0.0346797 0.0341727
-0.535094 0.011972 0.844708 0.99974
0 0 0 1
0.871102 0.0457359 0.488968 0.042196
-0.0339971 0.998881 -0.0328647 0.0341406
-0.489924 0.0120049 0.871683 0.999749
0 0 0 1
0.895413 0.0457302 0.442881 0.0423825
-0.035686 0.998883 -0.030991 0.0341736
-0.443803 0.0119451 0.896045 0.999736
0 0 0 1
0.917324 0.0457194 0.395507 0.0424825
-0.0372478 0.998882 -0.0290766 0.0341557
-0.396395 0.0119409 0.918002 0.999728
0 0 0 1
0.917299 0.0455451 0.395586 0.0435511
-0.0371259 0.998892 -0.0289169 0.0582378
-0.396465 0.011839 0.917973 1.00004
0 0 0 1
0.895384 0.0455508 0.442958 0.0434529
-0.035564 0.998892 -0.0308312 0.0582556
-0.443871 0.0118524 0.896012 1.00005
0 0 0 1
0.871069 0.045552 0.489043 0.0432682
-0.0338749 0.99889 -0.0327047 0.0582224
-0.48999 0.0119217 0.871646 1.00007
0 0 0 1
0.844135 0.0457352 0.534177 0.0435471
-0.0322751 0.998883 -0.0345196 0.0582542
-0.535158 0.0118986 0.844668 1.00006
0 0 0 1
0.815088 0.0458114 0.577524 0.043441
-0.0304722 0.998879 -0.0362279 0.0582533
-0.578536 0.0119305 0.81557 1.00007
0 0 0 1
0.784467 0.0489145 0.618238 0.0423155
-0.0314982 0.998741 -0.0390523 0.0589812
-0.61937 0.0111619 0.78502 1.00008
0 0 0 1
0.784425 0.0487198 0.618308 0.0434697
-0.0313755 0.998751 -0.0388922 0.0830594
-0.619429 0.0111083 0.784973 1.00039
0 0 0 1
0.815048 0.0456197 0.577595 0.0445186
-0.0303497 0.998888 -0.0360677 0.0823348
-0.578599 0.011867 0.815526 1.0004
0 0 0 1
0.844099 0.0455471 0.53425 0.044621
-0.0321528 0.998892 -0.0343595 0.082336
-0.535223 0.0118252 0.844628 1.00038
0 0 0 1
0.871036 0.045368 0.489118 0.044336
-0.0337527 0.9989 -0.0325447 0.0823044
-0.490057 0.0118385 0.87161 1.00039
0 0 0 1
0.895355 0.0453715 0.443035 0.044519
-0.0354419 0.998901 -0.0306713 0.0823378
-0.44394 0.0117597 0.895979 1.00037
0 0 0 1
0.917274 0.0453708 0.395665 0.0446155
-0.037004 0.998901 -0.0287571 0.08232
-0.396535 0.011737 0.917944 1.00036
0 0 0 1
0.917248 0.0451965 0.395744 0.0456758
-0.0368821 0.99891 -0.0285974 0.106403
-0.396606 0.0116351 0.917915 1.00067
0 0 0 1
0.895326 0.0451921 0.443112 0.0455808
-0.0353199 0.99891 -0.0305115 0.10642
-0.444008 0.0116671 0.895947 1.00069
0 0 0 1
0.871004 0.045184 0.489194 0.0453993
-0.0336306 0.998909 -0.0323847 0.106387
-0.490124 0.0117553 0.871574 1.00071
0 0 0 1
0.844062 0.045359 0.534323 0.0456904
-0.0320305 0.998902 -0.0341994 0.106418
-0.535287 0.0117518 0.844588 1.0007
0 0 0 1
0.815008 0.045428 0.577666 0.0455915
-0.0302273 0.998898 -0.0359074 0.106417
-0.578661 0.0118036 0.815483 1.00072
0 0 0 1
0.784382 0.0485252 0.618377 0.0446192
-0.0312529 0.998761 -0.038732 0.107138
-0.619489 0.0110547 0.784927 1.00069
0 0 0 1
0.78434 0.0483306 0.618446 0.045764
-0.0311302 0.998771 -0.0385718 0.131217
-0.619549 0.0110011 0.78488 1.001
0 0 0 1
0.814969 0.0452363 0.577737 0.0466598
-0.0301048 0.998907 -0.0357471 0.130499
-0.578723 0.0117402 0.81544 1.00104
0 0 0 1
0.844026 0.0451709 0.534396 0.0467552
-0.0319081 0.998911 -0.0340393 0.1305
-0.535351 0.0116785 0.844548 1.00102
0 0 0 1
0.870971 0.045 0.489269 0.0464582
-0.0335084 0.998918 -0.0322247 0.130469
-0.49019 0.0116721 0.871538 1.00102
0 0 0 1
0.895297 0.0450127 0.443189 0.0466383
-0.0351979 0.99892 -0.0303516 0.130503
-0.444076 0.0115744 0.895914 1.001
0 0 0 1
0.917223 0.0450222 0.395822 0.0467318
-0.0367602 0.998919 -0.0284376 0.130485
-0.396676 0.0115332 0.917886 1.00098
0 0 0 1
0.917197 0.0448479 0.395901 0.0477836
-0.0366384 0.998928 -0.0282779 0.154568
-0.396746 0.0114313 0.917857 1.00129
0 0 0 1
0.895267 0.0448333 0.443266 0.0476914
-0.0350758 0.998929 -0.0301917 0.154586
-0.444145 0.0114817 0.895881 1.00131
0 0 0 1
0.870938 0.044816 0.489344 0.0475127
-0.0333862 0.998928 -0.0320647 0.154552
-0.490257 0.011589 0.871501 1.00134
0 0 0 1
0.84399 0.0449828 0.53447 0.0478156
-0.0317858 0.99892 -0.0338791 0.154583
-0.535416 0.0116051 0.844509 1.00133
0 0 0 1
0.814929 0.0450447 0.577808 0.0477235
-0.0299824 0.998917 -0.0355869 0.154581
-0.578785 0.0116767 0.815397 1.00136
0 0 0 1
0.784298 0.0481359 0.618515 0.0469041
-0.0310076 0.998781 -0.0384117 0.155296
-0.619609 0.0109476 0.784834 1.0013
0 0 0 1
0.784255 0.0479413 0.618584 0.0480396
-0.0308849 0.998791 -0.0382515 0.179375
-0.619669 0.010894 0.784787 1.0016
0 0 0 1
0.81489 0.044853 0.577879 0.0487826
-0.02986 0.998926 -0.0354266 0.178663
-0.578847 0.0116133 0.815354 1.00167
0 0 0 1
0.843954 0.0447947 0.534543 0.0488714
-0.0316635 0.99893 -0.033719 0.178665
-0.53548 0.0115317 0.844469 1.00165
0 0 0 1
0.870906 0.0446321 0.489419 0.0485627
-0.0332641 0.998937 -0.0319047 0.178635
-0.490323 0.0115058 0.871465 1.00165
0 0 0 1
0.895238 0.0446539 0.443343 0.0487402
-0.0349538 0.998938 -0.0300318 0.178669
-0.444213 0.0113891 0.895849 1.00161
0 0 0 1
0.917172 0.0446736 0.39598 0.0488312
-0.0365165 0.998937 -0.0281181 0.178651
-0.396816 0.0113294 0.917828 1.00159
0 0 0 1
0.917146 0.0444992 0.396059 0.0498746
-0.0363947 0.998946 -0.0279583 0.202735
-0.396886 0.0112275 0.917799 1.00189
0 0 0 1
0.895209 0.0444744 0.44342 0.0497847
-0.0348318 0.998947 -0.0298719 0.202752
